3 0 33788
4 0 33788
5 0 33788
6 1 33788
7 0 33788
8 0 33788
9 1 33788
10 0 33788
11 1 33788
12 1 33788
13 1 33788
14 2 33788
15 2 33788
16 5 33788
17 7 33788
18 12 33788
19 18 33788.1
20 29 33788.2
21 44 33788.3
22 69 33788.7
23 113 33789.5
24 191 33791
25 297 33794
26 502 33800
27 841 33812
28 1321 33836.1
29 2130 33884.2
30 3460 33980.4
31 5696 34172.8
32 9899 34557.6
33 17144 35327.3
34 26924 36866.6
35 39923 39945.3
36 62643 46102.6
37 101763 58417.3
38 162007 83046.7
39 263455 132305
40 428904 230823
41 689234 427858
42 1.12689e+06 821928
43 1.8326e+06 1.61007e+06
44 2.94809e+06 3.18635e+06