100 11579 16497
110 19766 18926.3
120 24673 22202.9
130 26840 26398.3
140 30248 31584.1
150 37127 37831.7
160 45917 45212.7
170 54027 53798.4
180 67310 63660.5
190 76288 74870.5
200 89012 87499.7
210 103658 101620
220 117931 117302
230 134296 134619
240 157589 153640
250 174208 174439
260 197496 197085
270 221756 221652
280 244455 248210
290 271524 276830
300 304586 307586
310 333282 340546
320 370605 375785
330 404363 413372
340 445666 453379
350 502332 495878
360 539198 540941
370 645418 588638
380 630609 639042
390 687982 692223
400 733934 748254
410 786544 807206
420 878873 869150
430 941539 934157
440 1.00167e+06 1.0023e+06
450 1.07864e+06 1.07365e+06
460 1.1528e+06 1.14828e+06
470 1.21316e+06 1.22626e+06
480 1.31469e+06 1.30766e+06
490 1.38913e+06 1.39255e+06