5000 51159.7 56719.3
5100 62947.9 59953.6
5200 66680 63225.5
5300 69666.7 66535.1
5400 72452.2 69882.3
5500 74947.1 73267.1
5600 78074.4 76689.6
5700 80780.5 80149.7
5800 83728.2 83647.5
5900 86524.7 87182.9
6000 92058.9 90756
6100 94481 94366.7
6200 96947.7 98015
6300 100158 101701
6400 102377 105425
6500 105959 109186
6600 108803 112985
6700 111742 116821
6800 114808 120696
6900 117901 124607
7000 121738 128557
7100 127084 132544
7200 131470 136569
7300 141838 140631
7400 152234 144731
7500 160168 148869
7600 162313 153044
7700 165395 157257
7800 158841 161508
7900 158054 165796
8000 183787 170122
8100 200020 174486
8200 203606 178887
8300 198779 183326
8400 188134 187802
8500 188223 192316
8600 190944 196868
8700 196466 201458
8800 196715 206085
8900 206139 210749
9000 209445 215452
9100 211424 220192
9200 218327 224969
9300 218595 229785
9400 221607 234638
9500 226453 239528
9600 230968 244456
9700 234628 249422
9800 244064 254426
9900 247107 259467
10000 253313 264546
10100 255515 269662
10200 279521 274816
10300 310677 280008
10400 300959 285237
10500 295018 290504
10600 296189 295809
10700 303177 301151
10800 306867 306531
10900 308962 311949
11000 312387 317404
11100 325515 322897
11200 336717 328427
11300 337567 333995
11400 357939 339601
11500 350431 345245
11600 344960 350926
11700 359096 356644
11800 358252 362401
11900 371066 368195
12000 391291 374026
12100 440715 379896
12200 408515 385803
12300 399708 391747
12400 391802 397729
12500 394761 403749
12600 398110 409807
12700 402953 415902
12800 408863 422035
12900 421340 428205
13000 430701 434413
13100 443297 440659
13200 446280 446942
13300 446921 453263
13400 452214 459622
13500 456502 466018
13600 462776 472452
13700 468733 478924
13800 475645 485433
13900 483871 491980
14000 491678 498564
14100 498735 505186
14200 523982 511846
14300 519095 518544
14400 523012 525279
14500 529663 532051
14600 542831 538862
14700 552721 545710
14800 560776 552595
14900 570075 559519